1000   0.003042   0.001688  0.001549  0.001731 0.001733 0.001835  0.002505 0.002446 
2000   0.010852   0.004869  0.003998  0.004633 0.004574 0.005025  0.005858 0.006058 
3000   0.015097   0.009770  0.008294  0.008669 0.008639 0.008692  0.010625 0.009885 
4000   0.026052   0.015757  0.012163  0.014185 0.013856 0.013816  0.015651 0.016115 
5000   0.039583   0.024233  0.018272  0.021549 0.020288 0.019922  0.021025 0.030883 
6000   0.057269   0.033050  0.025585  0.029467 0.026108 0.027081  0.027226 0.028516 
7000   0.077115   0.043922  0.031985  0.038057 0.032872 0.037564  0.035467 0.047162 
8000   0.102211   0.056111  0.040997  0.045171 0.040555 0.044036  0.041505 0.045112 
9000   0.127342   0.070357  0.051327  0.052395 0.050109 0.051161  0.054110 0.057580 
10000  0.154943	  0.085788  0.066439  0.064342 0.065191 0.065298  0.066754 0.064686 






















































