1000	0.002152	0.002701	0.002603	0.003158	0.003334	0.003478	0.003476	0.00398	        0.004118	0.004227    0.004621	0.004932 
2000	0.007532	0.006214	0.005453	0.007152	0.007518	0.007935	0.008219	0.009088	0.009649	0.010472    0.010837	0.010583 
3000	0.015767	0.012059	0.010343	0.012125	0.011961	0.01247		0.013507	0.013981	0.014878	0.015958    0.016706	0.017119 
4000	0.026421	0.02009		0.015977	0.017346	0.018088	0.018131	0.019074	0.021399	0.020447	0.022549    0.02213		0.024219 
5000	0.040554	0.027593	0.024797	0.024285	0.024385	0.024569	0.024399	0.026922	0.026246	0.027681    0.028942	0.030357 
6000	0.059126	0.039397	0.034982	0.030806	0.031227	0.030594	0.030665	0.034882	0.033505	0.037169    0.036832	0.039905 
7000	0.081212	0.050571	0.043796	0.040736	0.042602	0.040999	0.041162	0.041256	0.041943	0.044097    0.045309	0.047532 
8000	0.096951	0.064534	0.054449	0.049524	0.050355	0.046976	0.047373	0.049801	0.050493	0.052901    0.056434	0.057081 
9000	0.122509	0.081801	0.067756	0.061984	0.060236	0.05968		0.059315	0.059957	0.061958	0.061166    0.069663	0.071148 
10000	0.152891	0.101029	0.067756	0.072404	0.075539	0.068114	0.069968	0.070227	0.069031	0.072831    0.077476	0.077732















